SKU Descripción del producto Precio 
Público
Precio 
Público sin 
Impuesto
Precio 
Miembro
Precio 
Miembro sin 
Impuesto
Bono 
minorista sin 
Impuesto
VCV* VV
4% 8% 12% 16% 20% 24%
50129982 Kit LOI 5,820,000 4,890,756 5,200,000 4,369,748 521,008         2,755,200 1,000 174,789.9    349,579.8    524,369.7     699,159.7     873,949.6      1,048,739.5      
50130460 Kit Social Seller Nu Colour® Lash + Brow 
Serum (22pk) 4,200,000 3,529,412 3,460,000 2,907,563 621,849         2,112,000 500 116,302.5     232,605.0    348,907.6     465,210.1     581,512.6        697,815.1          
50130478 Kit Belleza & Bienestar 2,940,000 2,470,588 2,630,000 2,210,084 260,504        1,392,000 500 88,403.4      176,806.7     265,210.1      353,613.4    442,016.8       530,420.2        
50130480 Kit Dúo iO Rose Gold 2,940,000 2,470,588 2,630,000 2,210,084 260,504        1,392,000 500 88,403.4      176,806.7     265,210.1      353,613.4    442,016.8       530,420.2        
50130295 Kit ageLOC®  Facial 2,940,000 2,470,588 2,630,000 2,210,084 260,504        1,392,000 500 88,403.4      176,806.7     265,210.1      353,613.4    442,016.8       530,420.2        
50130372 Kit ageLOC®  Piel Radiante 2,940,000 2,470,588 2,630,000 2,210,084 260,504        1,392,000 500 88,403.4      176,806.7     265,210.1      353,613.4    442,016.8       530,420.2        
50130465 Kit Social Seller Nu Colour® Lash + Brow 
Serum (11 piezas) 2,180,000 1,831,933 1,790,000 1,504,202 327,731         1,084,800 250 60,168.1       120,336.1     180,504.2      240,672.3    300,840.3      361,008.4         
50130518 Kit Tru Face Essence Ultra Social Seller 
(6pk) 1,800,000 1,512,605 1,450,000 1,218,487 294,118         883,200 250 48,739.5      97,479.0       146,218.5      194,958.0    243,697.5       292,437.0         
50130476 ageLOC®  WellSpa iO Essentials Bienestar 1,550,000 1,302,521 1,385,000 1,163,866 138,655         734,400 250 46,554.6      93,109.2       139,663.9      186,218.5     232,773.1        279,327.7         
50130479 ageLOC® WellSpa iO Essentials Belleza 1,550,000 1,302,521 1,385,000 1,163,866 138,655         734,400 250 46,554.6      93,109.2       139,663.9      186,218.5     232,773.1        279,327.7         
50130443 Sistema ageLOC® LumiSpa iO Rose Gold 1,280,000 1,075,630 1,080,000 907,563 168,067         580,800 200 36,302.5      72,605.0       108,907.6      145,210.1      181,512.6        217,815.1           
50130259 Sistema ageLOC® Galvanic Face Spa 1,550,000 1,302,521 1,385,000 1,163,866 138,655         734,400 250 46,554.6      93,109.2       139,663.9      186,218.5     232,773.1        279,327.7         
50130358 Kit ageLOC ® Boost 1,550,000 1,302,521 1,385,000 1,163,866 138,655         734,400 250 46,554.6      93,109.2       139,663.9      186,218.5     232,773.1        279,327.7         
50130445 Collagen Essentials Kit (3pk) 1,140,000 957,983 1,050,000 882,353 75,630           581,760 180 35,294.1       70,588.2       105,882.4      141,176.5      176,470.6       211,764.7          
50130367 ageLOC®  Boost Essentials 1,170,000 983,193 944,800 793,950 189,244         597,782 125 31,758.0       63,516.0       95,273.9        127,031.9     158,789.9       190,547.9         
50130027 AP 24 Whitening Flouride Toothpaste 
(25pk) 1,350,000 1,134,454 675,000 567,227 567,227         254,400 100 22,689.1       45,378.2       68,067.2        90,756.3       113,445.4       136,134.5          
50130410 AP 24 Social Seller Kit (17pk) 1,040,000 873,950 520,000 436,975 436,975        211,200 75 17,479.0       34,958.0      52,437.0        69,916.0       87,395.0         104,873.9         
50130413 Polishing Bar Social Seller Kit (14pk) 1,040,000 873,950 520,000 436,975 436,975        211,200 75 17,479.0       34,958.0      52,437.0        69,916.0       87,395.0         104,873.9         
50130412 Face Wash Social Seller Kit (7pk) 938,500 788,655 705,500 592,857 195,798         384,459 125 23,714.3       47,428.6       71,142.9         94,857.1       118,571.4         142,285.7         
50130513 Kit Peptide Pout (10pk) 810,000 680,672 620,000 521,008 159,664         349,440 100 20,840.3      41,680.7       62,521.0        83,361.3       104,201.7        125,042.0         
50130507 NaPCA Social Seller Kit 625,000 525,210 835,000 701,681 (176,471)        390,000 95 28,067.2      56,134.5       84,201.7        112,268.9     140,336.1        168,403.4         
50130521 Social Seller Kit Cica Balm (5pk) 535,000 449,580 410,000 344,538 105,042         232,320 65 13,781.5       27,563.0       41,344.5        55,126.1        68,907.6         82,689.1            
50130535 Niacinamide Serum Social Seller Kit 509,000 427,731 445,000 373,950 53,782           268,000 65 14,958.0      29,916.0       44,873.9       59,831.9       74,789.9         89,747.9           
50130531 Kit Renueva y Protege 480,000 403,361 385,000 323,529 79,832           229,000 60 12,941.2       25,882.4       38,823.5        51,764.7       64,705.9         77,647.1            
50130536 HA & Vit A Gel Cream Social Seller Kit 462,000 388,235 395,000 331,933 56,303           240,000 58 13,277.3       26,554.6       39,831.9        53,109.2       66,386.6         79,663.9           
50130537 Glycolic Renewal Cleanser Social Seller Kit 462,000 388,235 395,000 331,933 56,303           240,000 58 13,277.3       26,554.6       39,831.9        53,109.2       66,386.6         79,663.9           
50130514 Kit Peptide Pout Social Seller (5pk) 425,000 357,143 325,000 273,109 84,034          184,320 50 10,924.4      21,848.7       32,773.1         43,697.5       54,621.8          65,546.2           
50130520 Kit Básico Cica Balm (3pk) 340,000 285,714 262,500 220,588 65,126           148,800 40 8,823.5        17,647.1        26,470.6        35,294.1       44,117.6          52,941.2            
50130534 Kit Ritual Radiante 434,000 364,706 249,000 209,244 155,462         149,000 36 8,369.7         16,739.5       25,109.2        33,479.0      41,848.7          50,218.5            
4% 8% 12% 16% 20% 24%
50130478 Kit Belleza & Bienestar 2,940,000 2,470,588 2,630,000 2,210,084 260,504        1,392,000 500 88,403.4      176,806.7     265,210.1      353,613.4    442,016.8       530,420.2        
50130480 Kit Dúo iO Rose Gold 2,940,000 2,470,588 2,630,000 2,210,084 260,504        1,392,000 500 88,403.4      176,806.7     265,210.1      353,613.4    442,016.8       530,420.2        
50130476 ageLOC®  WellSpa iO Essentials Bienestar 1,550,000 1,302,521 1,385,000 1,163,866 138,655         734,400 250 46,554.6      93,109.2       139,663.9      186,218.5     232,773.1        279,327.7         
50130479 ageLOC® WellSpa iO Essentials Belleza 1,550,000 1,302,521 1,385,000 1,163,866 138,655         734,400 250 46,554.6      93,109.2       139,663.9      186,218.5     232,773.1        279,327.7         
50002889 ageLOC® Body iO Activating Gel 313,000 263,025 225,000 189,076 73,950           153,600 40 7,563.0         15,126.1         22,689.1        30,252.1       37,815.1          45,378.2           
50002490 ageLOC® Body iO Serum 313,000 263,025 225,000 189,076 73,950           153,600 40 7,563.0         15,126.1         22,689.1        30,252.1       37,815.1          45,378.2           
4% 8% 12% 16% 20% 24%
50130295 Kit ageLOC®  Facial 2,940,000 2,470,588 2,630,000 2,210,084 260,504        1,392,000 500 88,403.4      176,806.7     265,210.1      353,613.4    442,016.8       530,420.2        
50130372 Kit ageLOC®  Piel Radiante 2,940,000 2,470,588 2,630,000 2,210,084 260,504        1,392,000 500 88,403.4      176,806.7     265,210.1      353,613.4    442,016.8       530,420.2        
50130443 Sistema ageLOC® LumiSpa iO Rose Gold 1,280,000 1,075,630 1,080,000 907,563 168,067         580,800 200 36,302.5      72,605.0       108,907.6      145,210.1      181,512.6        217,815.1           
4% 8% 12% 16% 20% 24%
50001492 ageLOC®  LumiSpa Gel Limpiador - Piel 
Normal / Combo 228,900 192,353 186,400 156,639 35,714           125,159 30 6,265.5         12,531.1         18,796.6        25,062.2       31,327.7          37,593.3           
4% 8% 12% 16% 20% 24%
50002665 LumiSpa iO Rose Gold Cabezal de 
Tratamiento — Normal 159,000 133,613 130,000 109,244 24,370           83,000 22 4,369.7        8,739.5         13,109.2         17,479.0       21,848.7          26,218.5            
50002664 LumiSpa iO Rose Gold Cabezal de 
Tratamiento — Sensible 159,000 133,613 130,000 109,244 24,370           83,000 22 4,369.7        8,739.5         13,109.2         17,479.0       21,848.7          26,218.5            
50002438 LumiSpa iO Cabezal de Tratamiento — 
Normal 159,000 133,613 130,000 109,244 24,370           83,000 22 4,369.7        8,739.5         13,109.2         17,479.0       21,848.7          26,218.5            
50002437 LumiSpa iO Cabezal de Tratamiento — 
Sensible 159,000 133,613 130,000 109,244 24,370           83,000 22 4,369.7        8,739.5         13,109.2         17,479.0       21,848.7          26,218.5            
50002596 Rose Gold Base para ageLOC®  LumiSpa iO 49,100 41,261 49,100 41,261 -                 0 0 1,650.4         3,300.8         4,951.3           6,601.7          8,252.1            9,902.5             
50002442 Cargador para ageLOC® LumiSpa iO 38,200 32,101 38,200 32,101 -                 0 0 1,284.0         2,568.1          3,852.1           5,136.1          6,420.2           7,704.2              
WellSpa iO
Bonos por Compartir y Referir
(Calculado con el Precio Miembro sin Impuesto)
Kits de Inicio
LumiSpa iO Kits
Limpiadores y Tramientos LumiSpa
Cabezales y accesorios LumiSpa iO
1

SKU Descripción del producto Precio 
Público
Precio 
Público sin 
Impuesto
Precio 
Miembro
Precio 
Miembro sin 
Impuesto
Bono 
minorista sin 
Impuesto
VCV* VV
4% 8% 12% 16% 20% 24%
50001876 Geles Faciales Galvanic Spa con ageLOC® 238,900 200,756 170,700 143,445 57,311            117,286 31 5,737.8         11,475.6        17,213.4         22,951.3       28,689.1          34,426.9           
50003902 ageLOC® Body Shaping Gel 289,200 243,025 206,900 173,866 69,160           141,320 38 6,954.6        13,909.2       20,863.9       27,818.5       34,773.1          41,727.7            
50130295 Kit ageLOC®  Facial 2,940,000 2,470,588 2,630,000 2,210,084 260,504        1,392,000 500 88,403.4      176,806.7     265,210.1      353,613.4    442,016.8       530,420.2        
4% 8% 12% 16% 20% 24%
50002085 Cargador Magnético para ageLOC®  Boost 55,700 46,807 55,700 46,807 -                 0 0 1,872.3         3,744.5         5,616.8           7,489.1          9,361.3            11,233.6            
50001928 ageLOC® Boost Activating Serum 177,400 149,076 134,200 112,773 36,303          104,181 25 4,510.9         9,021.8          13,532.8        18,043.7       22,554.6         27,065.5           
50130358 Kit ageLOC® Boost 1,550,000 1,302,521 1,385,000 1,163,866 138,655         734,400 250 46,554.6      93,109.2       139,663.9      186,218.5     232,773.1        279,327.7         
50130372 Kit ageLOC®  Piel Radiante 2,940,000 2,470,588 2,630,000 2,210,084 260,504        1,392,000 500 88,403.4      176,806.7     265,210.1      353,613.4    442,016.8       530,420.2        
4% 8% 12% 16% 20% 24%
50101251 Nu Skin 180° Face Wash 195,400 164,202 146,700 123,277 40,924          98,184 26 4,931.1          9,862.2         14,793.3        19,724.4       24,655.5         29,586.6           
50130412 Face Wash Social Seller Kit (7pk) 938,500 788,655 705,500 592,857 195,798         384,459 125 23,714.3       47,428.6       71,142.9         94,857.1       118,571.4         142,285.7         
4% 8% 12% 16% 20% 24%
50004308 Tru Face Essence Ultra 30ct 360,000 302,521 290,000 243,697 58,824           187,200 50 9,747.9         19,495.8       29,243.7        38,991.6       48,739.5         58,487.4           
50004312 ageLOC®  TF Peptide Retinol Complex 372,000 312,605 299,000 251,261 61,345           194,880 50 10,050.4      20,100.8       30,151.3         40,201.7       50,252.1          60,302.5           
50130518 Kit Tru Face Essence Ultra Social Seller 
(6pk) 1,800,000 1,512,605 1,450,000 1,218,487 294,118         883,200 250 48,739.5      97,479.0       146,218.5      194,958.0    243,697.5       292,437.0         
4% 8% 12% 16% 20% 24%
50101226  NaPCA Moisture Mist 66,600 55,966 49,800 41,849 14,118            32,893 8 1,673.9         3,347.9         5,021.8           6,695.8         8,369.7            10,043.7            
50002690  Bright Toner 145,000 121,849 110,000 92,437 29,412           69,120 19 3,697.5         7,395.0         11,092.4         14,789.9       18,487.4          22,184.9            
50004302  Nu Skin HA & Vit A Gel Cream 149,000 125,210 129,000 108,403 16,807           80,000 20 4,336.1         8,672.3         13,008.4        17,344.5       21,680.7          26,016.8            
50004305  Nu Skin Glycolic Renewal Cleanser 149,000 125,210 129,000 108,403 16,807           80,000 20 4,336.1         8,672.3         13,008.4        17,344.5       21,680.7          26,016.8            
50004301  Nu Skin Niacinamide Serum  159,000 133,613 139,000 116,807 16,807           86,000 22 4,672.3         9,344.5         14,016.8         18,689.1        23,361.3          28,033.6           
50001785 Day Dream Protective Cream SPF 35 209,100 175,714 158,900 133,529 42,185           101,073 28 5,341.2         10,682.4       16,023.5        21,364.7       26,705.9         32,047.1            
50130534 Kit Ritual Radiante 434,000 364,706 249,000 209,244 155,462         149,000 36 8,369.7         16,739.5       25,109.2        33,479.0      41,848.7          50,218.5            
50130536 HA & Vit A Gel Cream Social Seller Kit 462,000 388,235 395,000 331,933 56,303           240,000 58 13,277.3       26,554.6       39,831.9        53,109.2       66,386.6         79,663.9           
50130537 Glycolic Renewal Cleanser Social Seller Kit 462,000 388,235 395,000 331,933 56,303           240,000 58 13,277.3       26,554.6       39,831.9        53,109.2       66,386.6         79,663.9           
50130535 Niacinamide Serum Social Seller Kit 509,000 427,731 445,000 373,950 53,782           268,000 65 14,958.0      29,916.0       44,873.9       59,831.9       74,789.9         89,747.9           
50130507 NaPCA Social Seller Kit 625,000 525,210 835,000 701,681 (176,471)        390,000 95 28,067.2      56,134.5       84,201.7        112,268.9     140,336.1        168,403.4         
4% 8% 12% 16% 20% 24%
50001647 AP 24 Whitening Toothpaste 72,000 60,504 36,000 30,252 30,252           14,592 5 1,210.1          2,420.2         3,630.3          4,840.3         6,050.4           7,260.5              
50130410 AP 24 Social Seller Kit (17pk) 1,040,000 873,950 520,000 436,975 436,975        211,200 75 17,479.0       34,958.0      52,437.0        69,916.0       87,395.0         104,873.9         
50130027 AP 24 Whitening Flouride Toothpaste 
(25pk) 1,350,000 1,134,454 675,000 567,227 567,227         254,400 100 22,689.1       45,378.2       68,067.2        90,756.3       113,445.4       136,134.5          
m 4% 8% 12% 16% 20% 24%
50001994 Epoch® Polishing Bar 86,000 72,269 43,000 36,134 36,134           19,500 7 1,445.4         2,890.8         4,336.1          5,781.5          7,226.9            8,672.3              
50004280 Epoch® Cica Balm 118,000 99,160 94,000 78,992 20,168           58,560 16 3,159.7         6,319.3          9,479.0          12,638.7       15,798.3          18,958.0            
50130520 Kit Básico Cica Balm (3pk) 340,000 285,714 262,500 220,588 65,126           148,800 40 8,823.5        17,647.1        26,470.6        35,294.1       44,117.6          52,941.2            
50130521 Social Seller Kit Cica Balm (5pk) 535,000 449,580 410,000 344,538 105,042         232,320 65 13,781.5       27,563.0       41,344.5        55,126.1        68,907.6         82,689.1            
50130413 Polishing Bar Social Seller Kit (14pk) 1,040,000 873,950 520,000 436,975 436,975        211,200 75 17,479.0       34,958.0      52,437.0        69,916.0       87,395.0         104,873.9         
4% 8% 12% 16% 20% 24%
50002652 Sunright Solar Screen SPF 50 175,000 147,059 140,000 117,647 29,412           83,040 20 4,705.9         9,411.8          14,117.6          18,823.5       23,529.4         28,235.3           
50130531 Kit Renueva y Protege 480,000 403,361 385,000 323,529 79,832           229,000 60 12,941.2       25,882.4       38,823.5        51,764.7       64,705.9         77,647.1            
4% 8% 12% 16% 20% 24%
50002983 Nu Colour® Peptide Pout 94,000 78,992 73,000 61,345 17,647            44,160 12 2,453.8        4,907.6         7,361.3           9,815.1          12,268.9          14,722.7            
50130513 Kit Peptide Pout (10pk) 810,000 680,672 620,000 521,008 159,664         349,440 100 20,840.3      41,680.7       62,521.0        83,361.3       104,201.7        125,042.0         
50002663 Nu Colour® Lash + Brow Serum - Serum 
Nutritivo para Pestañas y Cejas 240,000 201,681 190,000 159,664 42,017           124,800 33 6,386.6        12,773.1        19,159.7         25,546.2       31,932.8          38,319.3           
50130514 Kit Peptide Pout Social Seller (5pk) 425,000 357,143 325,000 273,109 84,034          184,320 50 10,924.4      21,848.7       32,773.1         43,697.5       54,621.8          65,546.2           
50130513 Kit Peptide Pout (10pk) 810,000 680,672 620,000 521,008 159,664         349,440 100 20,840.3      41,680.7       62,521.0        83,361.3       104,201.7        125,042.0         
50130465 Kit Social Seller Nu Colour® Lash + Brow 
Serum (11 piezas) 2,180,000 1,831,933 1,790,000 1,504,202 327,731         1,084,800 250 60,168.1       120,336.1     180,504.2      240,672.3    300,840.3      361,008.4         
50130460 Kit Social Seller Nu Colour® Lash + Brow 
Serum (22pk) 4,200,000 3,529,412 3,460,000 2,907,563 621,849         2,112,000 500 116,302.5     232,605.0    348,907.6     465,210.1     581,512.6        697,815.1          
50003103 Optimum Omega 205,000 172,269 164,000 137,815 34,454          89,000 26 5,512.6         11,025.2        16,537.8        22,050.4      27,563.0         33,075.6           
50170044 G3 (1 botella) 285,000 239,496 212,000 178,151 61,345           133,440 37 7,126.1          14,252.1        21,378.2        28,504.2      35,630.3         42,756.3           
50003648 G3 Juice 2pk 535,000 449,580 382,200 321,176 128,403         248,932 70 12,847.1       25,694.1       38,541.2        51,388.2       64,235.3         77,082.4           
50002282 Collagen + 755,000 634,454 570,000 478,992 155,462         357,120 100 19,159.7       38,319.3       57,479.0        76,638.7       95,798.3         114,958.0          
50130445 Collagen Essentials Kit (3pk) 1,140,000 957,983 1,050,000 882,353 75,630           581,760 180 35,294.1       70,588.2       105,882.4      141,176.5      176,470.6       211,764.7          
50113509 Donación VitaMeal® (1 bolsa) 99,600 83,697 99,600 83,697 -                 57,909 21 3,347.9        6,695.8         10,043.7        13,391.6        16,739.5          20,087.4           
50000924 Donación VitaMeal® (5 bolsas) 493,100 414,370 493,100 414,370 -                 357,484 105 16,574.8       33,149.6       49,724.4       66,299.2      82,873.9         99,448.7           
Bonos por Compartir y Referir
(Calculado con el Precio Miembro sin Impuesto)
Epoch®
Nu Colour®
24%
24%20%16%
4% 8% 12%
Sunright®
Nutricionales
Soluciones
Nu Skin 180˚
Pharmanex
Cuidado Facial
Cuidado Dental
Tratamientos ageLOC® 
ageLOC® Boost
ageLOC® Galvanic Spa
Nourish the Children 12%8%4%
16% 20%
2

SKU Descripción del producto Precio 
Público
Precio 
Público sin 
Impuesto
Precio 
Miembro
Precio 
Miembro sin 
Impuesto
Bono 
minorista sin 
Impuesto
VCV* VV
4% 8% 12% 16% 20% 24%
50130530 Sunright Solar Screen en Suscripción 157,000 131,933 126,000 105,882 26,050           73,500 19 4,235.3        8,470.6         12,705.9        16,941.2        21,176.5           25,411.8            
50130425 ageLOC®  LumiSpa Gel Limpiador - Piel 
Normal / Combo en Suscripción 159,000 133,613 130,000 109,244 24,370           83,000 22 4,369.7        8,739.5         13,109.2         17,479.0       21,848.7          26,218.5            
50130427 Geles Faciales Galvanic Spa en Suscripción  200,700 168,655 143,500 120,588 48,067           102,335 26 4,823.5        9,647.1          14,470.6        19,294.1        24,117.6          28,941.2            
50130459 G3 1 Bottle en Suscripción 245,000 205,882 182,000 152,941 52,941           108,480 31 6,117.6          12,235.3       18,352.9        24,470.6      30,588.2         36,705.9           
50130474 ageLOC® Body Activating Gel en 
Suscripción 280,500 235,714 202,000 169,748 65,966           134,400 35 6,789.9         13,579.8       20,369.7        27,159.7        33,949.6         40,739.5           
50130475 ageLOC® Body Serum en Suscripción 280,500 235,714 202,000 169,748 65,966           134,400 35 6,789.9         13,579.8       20,369.7        27,159.7        33,949.6         40,739.5           
50130517 Tru Face Essence Ultra 30ct en Suscripción 324,000 272,269 261,000 219,328 52,941           168,480 45 8,773.1         17,546.2       26,319.3        35,092.4      43,865.5         52,638.7           
50130529 TF Peptide Retinol Complex en Suscripción 334,000 280,672 269,000 226,050 54,622           175,000 45 9,042.0        18,084.0       27,126.1         36,168.1        45,210.1          54,252.1            
50130456 Collagen +  en Suscripción 380,000 319,328 350,000 294,118 25,210           193,920 60 11,764.7        23,529.4       35,294.1        47,058.8       58,823.5         70,588.2           
 HORARIO DE 
CENTRO DE 
LLAMADO 
APOYO AL 
AFILIADO 
INFORMACIÓN 
TELEFÓNICA
Lunes a Viernes
9:00am - 6:00pm
Llamada Local 
+57 601 5086103
 Órdenes CON productos
en suscripción: $8,000.00
Órdenes SIN productos en suscripción: 
$13,200.00 
Lunes a Viernes
9:00am - 6:00pm
Sábados
11:00am- 4:00pm (SOLO CHATS)
 NOTAS  COSTOS DE ENVÍO APLICABLES EN 
TODAS LAS PROVINCIAS 
 HORARIO DE CENTRO DE LLAMADAS 
DEL LOCAL (HORA DE COLOMBIA) 
Suscripción
a) VCV: Valor Comisionable de ventas
b) Tu Bono Minorista es la diferencia entre (1) el precio pagado por tu 
Cliente Minorista después de cualquier descuento* cuando compran 
los Productos directamente a Nu Skin y (2) el Precio Miembro.    
*(excluyendo gastos de envío, impuestos y otros descuentos 
promocionales o personales).
c) Esta lista de precios e información de bonos están sujetos a 
cambios de acuerdo a las promociones, descuentos y otros 
programas. Favor de visitar la página de Facebook SOMOS NUSKIN 
para ver y estar al tanto de las promociones, descuentos u otros 
programas relacionados con precios de productos y bonos por 
compartir.
Bonos por Compartir y Referir
(Calculado con el Precio Miembro sin Impuesto)
3